101	9637
102	9638
103	9639
104	9640
105	9641
106	9642
107	9643
108	9644
1024	9607
1025	9630
1026	9617
1027	9617
1028	9617
1029	9632
1030	9632
1031	9632
1032	9632
1033	9631
1034	9631
1035	9621
1036	9633
1037	9632
1038	9632
1039	9633
1040	9633
1041	9648
1042	9648
1043	9651
1044	9653
1045	9653
1046	9653
1047	9653
1048	9652
1049	9652
1050	9653
1051	9653
1052	9654
1053	9655
1054	9655
1055	9603
1056	9607
1057	9607
1058	9607
1059	9603
1060	9603
1061	9603
1062	9607
1063	9603
1064	9603
1065	9603
1066	9636
1067	9603
1068	9613
1069	9613
1070	9603
1071	9603
1072	9656
1073	9603
1074	9606
1075	9603
1076	9636
1077	9636
1078	9636
1079	9636
1080	9603
1081	9607
1082	9607
1083	9603
1084	9603
1085	9603
1086	9607
1087	9603
1088	9603
1089	9603
1090	9603
1091	9603
1092	9603
1093	9603
1094	9603
1095	9636
1096	9636
1097	9603
1098	9603
1099	9603
1100	9603
1101	9603
1102	9603
1103	9603
1104	9603
1105	9603
1106	9603
1107	9603
1108	9603
1109	9603
1110	9603
1111	9603
1112	9606
1113	9603
1114	9603
1115	9603
1116	9603
1117	9603
1118	9603
1119	9603
1120	9603
1121	9603
1122	9603
1123	9603
1124	9603
1125	9603
1126	9603
1127	9603
1128	9603
1129	9603
1130	9603
1131	9603
1132	9603
1133	9603
1134	9603
1135	9603
1136	9603
1137	9603
1138	9603
1139	9603
1140	9603
1141	9603
1142	9603
1143	9603
1144	9603
1145	9603
1146	9606
1147	9606
1148	9603
1149	9603
1150	9603
1151	9603
1152	9603
1153	9603
1154	9603
1155	9603
1156	9603
1157	9603
1158	9603
1159	9603
1160	9603
1161	9603
1162	9603
1163	9603
1164	9603
1165	9603
1166	9603
1167	9603
1168	9603
1169	9603
1170	9603
1171	9603
1172	9603
1173	9603
1174	9603
1175	9603
1176	9603
1177	9603
1178	9603
1179	9603
1180	9603
1181	9603
1182	9603
1183	9603
1184	9603
1185	9603
1186	9603
1187	9603
1188	9603
1189	9603
1190	9603
1191	9603
1192	9603
1193	9603
1194	9607
1195	9603
1196	9603
1197	9603
1198	9603
1199	9603
1200	9603
1201	9603
1202	9603
1203	9603
1204	9603
1205	9603
1206	9603
1207	9603
1208	9603
1209	9603
1210	9603
1211	9603
1212	9603
1213	9603
1214	9603
1215	9603
1216	9603
1217	9603
1218	9603
1219	9603
1220	9603
1221	9603
1222	9603
1223	9603
1224	9603
1225	9603
1226	9603
1227	9603
1228	9603
1229	9603
1230	9603
1231	9603
1232	9603
1233	9603
1234	9603
1235	9603
1236	9607
1237	9606
1238	9606
1239	9606
1240	9606
1241	9613
1243	9613
1245	9603
1246	9603
1247	9603
1248	9603
1249	9603
1250	9603
1251	9603
1252	9603
1253	9603
1254	9603
1255	9603
1256	9603
1258	9601
1259	9601
1260	9601
1261	9601
1262	9601
1263	9601
1264	9601
1265	9601
1266	9601
1268	9601
1269	9601
1270	9601
1271	9603
1272	9603
1273	9607
1274	9607
1275	9603
1276	9603
1277	9603
1278	9603
1279	9603
1280	9607
1282	9603
1283	9603
1284	9603
1285	9603
1286	9603
1287	9603
1288	9603
1289	9603
1290	9603
1291	9603
1292	9603
1293	9603
1294	9603
1296	9603
1297	9607
1298	9607
1299	9607
1300	9607
1301	9607
1302	9607
1303	9606
1304	9603
1305	9603
1306	9603
1307	9603
1308	9607
1309	9607
1310	9607
1311	9606
1312	9614
1313	9615
1314	9606
1315	9606
1316	9603
1317	9603
1318	9603
1319	9603
1320	9606
1321	9603
1322	9603
1323	9603
1324	9603
1325	9603
1326	9606
1327	9603
1328	9603
1329	9603
1330	9603
1331	9607
1332	9607
1333	9607
1334	9607
1335	9618
1336	9618
1337	9618
1338	9618
1339	9618
1340	9618
1341	9618
1342	9618
1343	9618
1344	9618
1345	9618
1346	9618
1347	9618
1348	9618
1349	9618
1350	9618
1351	9618
1352	9618
1353	9618
1354	9618
1355	9618
1356	9618
1357	9618
1358	9618
1359	9618
1360	9618
1361	9618
1362	9618
1363	9618
1364	9618
1365	9618
1366	9618
1367	9618
1368	9618
1369	9618
1370	9618
1371	9618
1372	9618
1373	9618
1374	9618
1375	9618
1376	9618
1377	9618
1378	9618
1379	9618
1380	9618
1381	9618
1382	9618
1383	9618
1384	9618
1385	9618
1386	9618
1387	9618
1388	9618
1389	9618
1390	9618
1391	9618
1392	9618
1393	9618
1394	9618
1395	9618
1396	9618
1397	9618
1398	9618
1399	9618
1400	9618
1401	9618
1402	9618
1403	9618
1404	9618
1405	9618
1406	9618
1407	9618
1408	9618
1409	9618
1410	9618
1411	9618
1412	9618
1413	9618
1414	9618
1415	9618
1416	9618
1417	9618
1418	9618
1419	9618
1420	9618
1421	9618
1422	9618
1423	9618
1424	9618
1425	9618
1426	9618
1427	9618
1428	9618
1429	9618
1430	9618
1431	9618
1432	9618
1433	9618
1434	9618
1435	9618
1436	9618
1437	9607
1438	9606
1439	9606
1440	9603
1441	9603
1442	9603
1443	9603
1444	9603
1445	9603
1446	9603
1447	9619
1450	9620
1451	9614
1454	9613
1455	9613
1456	9613
1457	9613
1458	9607
1459	9607
1460	9607
1461	9613
1462	9614
1463	9615
1464	9615
1466	9601
1467	9601
1468	9601
1469	9603
1470	9603
1471	9606
1472	9615
1473	9603
1474	9613
1475	9613
1476	9613
1477	9613
1478	9613
1479	9613
1480	9613
1481	9613
1482	9613
1483	9613
1484	9613
1485	9613
1486	9613
1487	9613
1488	9613
1489	9613
1490	9613
1491	9613
1492	9613
1493	9613
1494	9613
1495	9613
1496	9613
1497	9613
1498	9613
1499	9613
1500	9613
1501	9613
1502	9613
1503	9613
1504	9603
1505	9603
1506	9615
1507	9615
1508	9607
1509	9603
1510	9603
1511	9603
1512	9603
1513	9603
1514	9606
1515	9607
1516	9603
1517	9603
1518	9603
1519	9601
1520	9613
1521	9613
1522	9613
1523	9613
1524	9613
1525	9613
1526	9613
1527	9603
1528	9603
1529	9606
1530	9603
1531	9603
1532	9603
1533	9603
1534	9606
1536	9603
1537	9603
1538	9603
1539	9603
1540	9603
1541	9603
1542	9603
1543	9603
1544	9603
1545	9603
1546	9603
1547	9603
1548	9603
1549	9603
1550	9603
1551	9603
1552	9603
1553	9613
1554	9613
1555	9603
1556	9603
1557	9603
1558	9603
1559	9615
1560	9603
1561	9603
1562	9603
1563	9603
1564	9607
1565	9603
1566	9603
1567	9607
1568	9615
1569	9603
1570	9603
1571	9607
1572	9615
1573	9615
1574	9615
1575	9615
1576	9615
1577	9603
1578	9613
1579	9613
1580	9603
1581	9603
1582	9603
1583	9603
1584	9603
1585	9603
1586	9606
1587	9603
1588	9606
1589	9620
1590	9620
1591	9603
1592	9603
1593	9615
1594	9607
1595	9607
1596	9615
1597	9603
1598	9603
1599	9615
1600	9615
1601	9615
1602	9615
1603	9634
1604	9634
1605	9634
1606	9634
1607	9634
1608	9634
1609	9607
1610	9603
1611	9603
1612	9606
1613	9606
1614	9603
1615	9603
1616	9606
1617	9606
1618	9606
1619	9606
1620	9606
1621	9606
1622	9606
1623	9606
1624	9606
1625	9606
1626	9606
1627	9606
1628	9603
1629	9603
1630	9606
1631	9606
1632	9606
1633	9606
1634	9606
1635	9606
1638	9606
1639	9606
1640	9606
1641	9606
1642	9606
1643	9606
1644	9606
1645	9606
1646	9603
1647	9603
1648	9603
1649	9603
1650	9603
1651	9603
1652	9606
1653	9606
1654	9606
1655	9606
1656	9606
1657	9606
1658	9606
1659	9606
1660	9606
1661	9606
1662	9606
1663	9606
1664	9606
1665	9607
1666	9607
1667	9607
1668	9607
1669	9607
1670	9615
1671	9603
1672	9607
1673	9607
1674	9607
1675	9607
1676	9603
1677	9607
1678	9603
1679	9607
1680	9607
1681	9633
1682	9603
1683	9607
1684	9607
1685	9607
1686	9607
1687	9607
1688	9615
1689	9615
1690	9615
1691	9615
1692	9615
1693	9615
1694	9613
1695	9613
1696	9615
1697	9615
1698	9613
1699	9613
1700	9613
1701	9607
1702	9615
1703	9615
1704	9613
1705	9613
1706	9613
1707	9613
1708	9613
1709	9613
1710	9613
1711	9613
1712	9613
1713	9613
1714	9613
1715	9613
1716	9613
1717	9613
1718	9613
1719	9613
1720	9613
1721	9613
1722	9613
1723	9613
1724	9613
1725	9613
1726	9613
1727	9613
1728	9613
1729	9613
1730	9613
1731	9613
1732	9613
1733	9613
1734	9613
1735	9613
1736	9613
1737	9613
1738	9613
1739	9613
1740	9613
1741	9613
1742	9613
1743	9613
1744	9613
1745	9613
1746	9613
1747	9613
1748	9613
1749	9613
1750	9613
1751	9607
1752	9615
1753	9607
1754	9606
1755	9601
1756	9601
1757	9601
1758	9601
1759	9601
1760	9601
1761	9601
1762	9601
1763	9601
1764	9601
1765	9601
1766	9603
1767	9603
1768	9603
1769	9636
1770	9636
1771	9636
1772	9636
1773	9603
1774	9603
1775	9606
1776	9606
1777	9606
1778	9606
1779	9606
1780	9606
1781	9606
1782	9606
1783	9606
1784	9606
1785	9606
1786	9606
1787	9607
1788	9607
1789	9603
1790	9606
1791	9606
1792	9606
1793	9606
1794	9603
1795	9636
1796	9603
1797	9603
1798	9606
1799	9606
1800	9606
1801	9603
1802	9606
1803	9615
1804	9615
1805	9603
1806	9603
1807	9606
1808	9606
1809	9606
1810	9606
1811	9603
1812	9606
1813	9603
1814	9603
1815	9606
1816	9603
1817	9603
1818	9606
1819	9606
1820	9603
1821	9603
1822	9603
1823	9603
1824	9603
1825	9606
1826	9603
1827	9618
1828	9603
1829	9607
1830	9607
1831	9603
1832	9606
1833	9607
1834	9603
1835	9603
1836	9603
1837	9603
1838	9603
1839	9603
1840	9606
1841	9615
1842	9603
1843	9615
1844	9615
1845	9615
1846	9615
1847	9615
1848	9615
1849	9615
1850	9615
1851	9615
1852	9606
1853	9603
1854	9603
1855	9603
1856	9603
1857	9603
1858	9603
1859	9603
1860	9603
1861	9603
1862	9606
1863	9607
1864	9603
1865	9603
1866	9603
1867	9603
1868	9603
1869	9603
1870	9603
1871	9603
1872	9603
1873	9603
1874	9603
1875	9603
1876	9603
1877	9603
1878	9603
1879	9603
1880	9603
1881	9601
1882	9601
1883	9601
1884	9601
1885	9603
1886	9603
1887	9603
1888	9603
1889	9603
1890	9603
1891	9619
1892	9603
1893	9603
1894	9603
1895	9607
1896	9607
1897	9603
1898	9603
1899	9603
1900	9607
1901	9607
1902	9603
1903	9603
1904	9603
1905	9606
1906	9603
1907	9603
1908	9606
1909	9603
1910	9606
1911	9603
1912	9603
1913	9603
1914	9603
1915	9603
1916	9603
1917	9603
1918	9603
1919	9606
1920	9603
1921	9603
1922	9603
1923	9603
1924	9603
1925	9603
1926	9606
1927	9606
1928	9606
1929	9606
1930	9606
1931	9606
1932	9606
1933	9606
1934	9603
1935	9606
1936	9606
1937	9606
1938	9606
1939	9606
1940	9606
1941	9606
1942	9606
1943	9606
1944	9606
1945	9606
1946	9607
1947	9634
1948	9634
1949	9634
1950	9603
1951	9603
1952	9603
1953	9606
1954	9606
1955	9606
1956	9603
1957	9606
1958	9603
1959	9603
1960	9606
1961	9606
1962	9603
1963	9606
1964	9606
1965	9603
1966	9603
1967	9607
1968	9603
1969	9607
1970	9603
1971	9607
1972	9603
1973	9607
1974	9603
1975	9607
1976	9603
1977	9607
1978	9603
1979	9607
1980	9603
1981	9607
1982	9603
1983	9603
1984	9603
1985	9603
1986	9603
1987	9607
1988	9607
1989	9607
1990	9607
1991	9601
1992	9607
1993	9603
1994	9603
1995	9603
1996	9603
1997	9606
1998	9606
1999	9606
5400	9616
5401	9616
5402	9616
5403	9616
5404	9616
5405	9616
5406	9616
5407	9616
5408	9616
5409	9658
5410	9658
5411	9658
5412	9616
5413	9616
5414	9616
5415	9657
5416	9657
5417	9657
5418	9657
5419	9616
5420	9657
5421	9657
5422	9657
5423	9657
5424	9657
5425	9616
5426	9657
5427	9616
5428	9657
5429	9657
5430	9657
5431	9657
5432	9616
5433	9657
5434	9657
5435	9657
5436	9657
5437	9657
5438	9616
5440	9616
5441	9616
5442	9616
5443	9616
5445	9616
5446	9616
5447	9616
5448	9616
5449	9616
5450	9616
5452	9616
5453	9616
5454	9616
5455	9616
8046	
8047	
8094	
8174	
8175	
8176	
8178	
8183	
8186	
8188	
8190	
8192	
8194	
8195	
8199	
8211	
8215	
8217	
8219	
8221	
8223	
8234	
8236	
8241	
8243	
8245	
8263	
8386	
8388	
8390	
8392	
8394	
8396	
8398	
8400	
8402	
8404	
8406	
8408	
8418	
8419	
8420	
8421	
8422	
8453	
8454	
8457	
8460	
8461	
8462	
8463	
8464	
8465	
8466	
8467	
8468	
8469	
8470	
8471	
8472	
8473	
8474	
8475	
8476	
8477	
8478	
8479	
8480	
8481	
8482	
8483	
8484	
8485	
8486	
8487	
8488	
8489	
8496	
8497	
8508	
8509	
8510	
8511	
8512	
8513	
8514	
8517	
8530	
8532	
8537	
8553	
8554	
8560	
8562	
8563	
8564	
8565	
8566	
8567	
8568	
8569	
8570	
8571	
8572	
8573	
8574	
8575	
8576	
8577	
8578	
8579	
8580	
8581	
8582	
8583	
8584	
8585	
8586	
8587	
8588	
8589	
8590	
8591	
8592	
8593	
8594	
8595	
8596	
8597	
8598	
8599	
8600	
8601	
8602	
8603	
8604	
8605	
8606	
8607	
8608	
8609	
8610	
8611	
8612	
8613	
8614	
8615	
8616	
8617	
8618	
8619	
8620	
8621	
8622	
8623	
8624	
8625	
8626	
8627	
8628	
8629	
8630	
8631	
8632	
8633	
8634	
8635	
8636	
8637	
8638	
8639	
8640	
8641	
8642	
8643	
8644	
8645	
8646	
8647	
8648	
8649	
8650	
8651	
8652	
8653	
8654	
8655	
8656	
8657	
8658	
8659	
10000	9664
10001	9664
10002	9664
10003	9664
10004	9664
10005	9664
10006	9664
10007	9664
10008	9664
10009	9664
10010	9664
10011	9664
10012	9664
10013	9665
10014	9665
10015	9665
10016	9665
10017	9665
10018	9665
10019	9665
10020	9665
10021	9663
10022	9663
10023	9663
10024	9663
10025	9663
10026	9663
10027	9663
10028	9663
10029	9663
10030	9663
10031	9663
10032	9663
10033	9663
10034	9663
10035	9662
10036	9662
10037	9662
10038	9662
10039	9662
10040	9662
10041	9662
10042	9662
10043	9662
10044	9662
10045	9662
10046	9662
10047	9662
10048	9662
10049	9662
10050	9662
10051	9662
10052	9662
10053	9662
10054	9662
10055	9662
10056	9662
10057	9662
10058	9662
10059	9662
10060	9662
10061	9662
10062	9662
10063	9662
10064	9662
10065	9662
10066	9662
10067	9662
10068	9662
10069	9662
10070	9662
10071	9662
10072	9662
10073	9662
10074	9662
10075	9662
10076	9662
10077	9662
10078	9662
10079	9662
10080	9662
10081	9662
10082	9662
10083	9662
10084	9661
10085	9603
10086	9603
10087	9624
10088	9624
10089	9603
10090	9603
10091	9603
10092	9603
10093	9603
10094	9603
10095	9624
10096	9624
10097	9624
10098	9607
10099	9607
10101	9807
10102	9807
10131	9807
10132	9807
10201	9807
10202	9807
10203	9807
10231	9807
10232	9807
10233	9807
10301	9802
10302	9802
10331	9802
10332	9802
10401	9802
10402	9802
10403	9802
10404	9802
10405	9802
10406	9802
10407	9802
10408	9802
10420	9822
10431	9802
10432	9802
10433	9802
10434	9802
10435	9802
10436	9802
10501	9802
10502	9802
10503	9802
10531	9802
10532	9802
10533	9802
10600	9802
10630	9802
10700	9807
10730	9807
10901	9807
10902	9807
10903	9802
10931	9807
10932	9807
10933	9802
10934	9822
11001	9807
11002	9807
11031	9807
11032	9807
11101	9807
11102	9807
11103	9807
11131	9807
11132	9807
11133	9807
11201	9807
11202	9807
11231	9807
11232	9807
11301	9807
11302	9807
11331	9807
11332	9807
11401	9802
11402	9802
11431	9802
11432	9802
11501	9802
11502	9802
11531	9802
11532	9802
11601	9802
11602	9802
11630	9802
11631	9802
11632	9802
11701	9802
11702	9802
11703	9802
11731	9802
11732	9802
11733	9802
11801	9807
11802	9807
11831	9807
11832	9807
11833	9807
11834	9807
11851	9807
11852	9807
11853	9807
11854	9807
11900	9802
11930	9802
12001	9802
12002	9802
12031	9802
12032	9802
12101	9807
12102	9807
12103	9807
12111	9802
12112	9802
12113	9802
12141	9802
12142	9802
12143	9802
12150	9812
12201	9802
12202	9802
12203	9802
12231	9802
12232	9802
12233	9802
12234	9802
12235	9802
12236	9802
12301	9807
12302	9807
12331	9807
12332	9807
12401	9807
12402	9807
12403	9807
12431	9807
12432	9807
12433	9807
12501	9802
12502	9802
12503	9802
12530	9802
12601	9802
12602	9802
12630	9802
12701	9807
12702	9807
12703	9807
12731	9807
12732	9807
12733	9807
12800	9807
12830	9807
12900	9807
12930	9807
13001	9807
13002	9807
13003	9807
13031	9807
13032	9807
13033	9807
13101	9807
13102	9807
13103	9807
13104	9802
13131	9807
13132	9807
13133	9807
13134	9802
13200	9802
13230	9802
13301	9802
13302	9802
13331	9802
13332	9802
13401	9802
13402	9802
13431	9802
13432	9802
13433	9802
13434	9802
13501	9802
13502	9802
13531	9802
13532	9802
13601	9802
13602	9802
13631	9802
13632	9802
13633	9802
13701	9802
13702	9802
13731	9802
13732	9802
13800	9807
13830	9807
13901	9802
13902	9802
13930	9802
14001	9802
14002	9802
14031	9802
14032	9802
14100	9802
14130	9802
14201	9802
14202	9802
14203	9802
14204	9802
14205	9802
14231	9802
14232	9802
14233	9802
14234	9802
14235	9802
14251	9802
14252	9802
14253	9802
14254	9822
14301	9802
14302	9802
14303	9802
14331	9802
14332	9802
14333	9802
14400	9807
14430	9807
14501	9802
14502	9802
14531	9802
14532	9802
14601	9802
14602	9802
14631	9802
14632	9802
14701	9802
14702	9802
14731	9802
14732	9802
14733	9802
14734	9802
14735	9802
14736	9802
14801	9802
14802	9802
14803	9802
14811	9807
14831	9802
14832	9802
14833	9802
14841	9807
14901	9807
14902	9807
14903	9807
14904	9807
14931	9807
14932	9807
14933	9807
14934	9807
14935	9807
14936	9807
14937	9807
14938	9807
15001	9812
15002	9807
15003	9807
15004	9807
15005	9807
15006	9807
15007	9807
15008	9807
15009	9807
15010	9802
15020	9822
15021	9822
15031	9812
15032	9807
15033	9807
15034	9807
15035	9807
15036	9807
15037	9807
15038	9807
15039	9807
15040	9802
15101	9807
15102	9807
15103	9807
15104	9807
15105	9807
15131	9807
15132	9807
15133	9807
15134	9807
15135	9807
15138	9807
15201	9802
15202	9802
15230	9802
15297	9802
15298	9802
15299	9802
15300	9801
15301	9801
15302	9802
15303	9802
15304	9807
15305	9807
15306	9807
15307	9802
15308	9802
15309	9802
15310	9802
15311	9802
15312	9802
15313	9802
15314	9802
15315	9802
15316	9802
15317	9807
15318	9807
15319	9807
15320	9802
15321	9807
15322	9807
15323	9807
15324	9807
15325	9807
15326	9807
15327	9807
15328	9802
15329	9802
15330	9802
15331	9802
15332	9802
15333	9802
15334	9802
15335	9802
15336	9807
15337	9807
15338	9802
15339	9807
15340	9807
15341	9807
15342	9807
15343	9807
15344	9807
15345	9802
15346	9802
15347	9802
15348	9802
15349	9802
15350	9802
15351	9802
15352	9802
15353	9802
15354	9802
15355	9802
15356	9802
15357	9802
15358	9802
15359	9802
15360	9802
15361	9802
15362	9802
15363	9802
15364	9802
15365	9802
15366	9802
15367	9802
15368	9802
15369	9802
15370	9802
15371	9802
15372	9807
15373	9807
15374	9802
15375	9802
15376	9801
15377	9802
15378	9802
15379	9802
15380	9802
15381	9807
15382	9807
15383	9807
15384	9807
15385	9802
15386	9802
15387	9807
15388	9807
15389	9807
15390	9807
15391	9802
15392	9802
15393	9802
15394	9802
15395	9802
15396	9802
15397	9822
15398	9822
15399	9832
15400	9831
15498	9843
15499	9844
15500	9602
15501	9659
15502	9602
15503	9659
15504	9602
15505	9659
15506	9602
15507	9659
15508	9602
15509	9659
15510	9602
15511	9659
15512	9602
15513	9659
15514	9602
15515	9659
15516	9602
15517	9659
15518	9602
15519	9659
15520	9602
15521	9659
15522	9602
15523	9659
15524	9602
15525	9659
15526	9602
15527	9659
15528	9602
15529	9659
15530	9602
15531	9659
15532	9602
15533	9659
15534	9602
15535	9659
15536	9602
15537	9659
15538	9602
15539	9659
15540	9602
15541	9659
15542	9602
15543	9659
15544	9602
15545	9659
15546	9602
15547	9659
15548	9602
15549	9659
15550	9602
15551	9659
15552	9602
15553	9659
15554	9602
15555	9659
15556	9602
15557	9659
15558	9602
15559	9659
15560	9602
15561	9659
15562	9602
15563	9659
15564	9602
15565	9659
15566	9602
15567	9659
15568	9602
15569	9659
15570	9602
15571	9659
15572	9602
15573	9659
15574	9602
15575	9659
15576	9602
15577	9659
15578	9602
15579	9659
15580	9602
15581	9659
15582	9602
15583	9659
15584	9602
15585	9659
15586	9602
15587	9659
15588	9602
15589	9659
15590	9602
15591	9659
15592	9602
15593	9659
15594	9837
15595	9836
15596	9618
15597	9618
15598	9618
15599	9618
15600	9618
15601	9618
15602	9618
15603	9618
15604	9618
15605	9618
15606	9618
15607	9618
15608	9618
15609	9618
15610	9618
15611	9618
15612	9618
15613	9618
15614	9618
15615	9618
15616	9618
15617	9618
15618	9618
15619	9618
15620	9618
15621	9618
15622	9618
15623	9618
15624	9618
15625	9618
15626	9618
15627	9618
15628	9618
15629	9618
15630	9618
15631	9618
15632	9618
15633	9618
15634	9618
15635	9618
15636	9618
15637	9618
15638	9618
15639	9618
15640	9618
15641	9618
15642	9618
15643	9618
15644	9618
15645	9618
15646	9618
15647	9618
15648	9618
15649	9618
15650	9618
15651	9618
15652	9618
15653	9618
15654	9618
15655	9618
15656	9618
15657	9618
15658	9618
15659	9618
15660	9618
15661	9618
15662	9618
15663	9618
15664	9618
15665	9618
15666	9618
15667	9618
15668	9618
15669	9618
15670	9618
15671	9618
15672	9618
15673	9618
15674	9618
15675	9618
15676	9618
15677	9618
15678	9618
15679	9618
15680	9618
15681	9618
15682	9618
15683	9618
15684	9618
15685	9618
15686	9618
15687	9618
15688	9618
15689	9618
15690	9618
15691	9618
15692	9618
15693	9618
15694	9618
15695	9618
15696	9618
15697	9618
15698	9606
15699	9603
15700	9603
15701	9603
15702	9603
15703	9603
15704	9606
15705	9606
15706	9603
15707	9603
15708	9607
15709	9603
15710	9603
15711	9603
15712	9603
15713	9603
15714	9607
15715	9607
15716	9607
15717	9607
15718	9607
15719	9607
15720	9607
15721	9607
15722	9607
15723	9607
15724	9607
15725	9607
15726	9607
15727	9607
15728	9607
15729	9607
15730	9636
15731	9636
15732	9636
15733	9636
15734	9636
15735	9636
15736	9636
15737	9636
15738	9603
15739	9607
15740	9636
15741	9603
15742	9603
15743	9606
15744	9666
15745	9603
15746	9603
15747	9621
15748	9607
15749	9607
15750	9603
15751	9603
15752	9603
15753	9651
15754	9603
15755	9603
15756	9607
15757	9607
15758	9607
15759	9603
15760	9607
15761	9607
15762	9607
15763	9607
15764	9607
15765	9607
15766	9607
15767	9603
15768	9607
15769	9607
15770	9607
15771	9603
15772	9607
15773	9607
15774	9607
15775	9607
15776	9607
15777	9607
15778	9603
15779	9603
15780	9603
15781	9661
15782	9603
15783	9603
15784	9603
15785	9615
15786	9615
15787	9603
15788	9603
15789	9603
15790	9603
15791	9603
15792	9603
15793	9603
15794	9603
15795	9603
15796	9603
15797	9603
15798	9603
15799	9603
15800	9603
15801	9603
15802	9603
15803	9603
15804	9603
15805	9603
15806	9603
15807	9603
15808	9603
15809	9603
15810	9603
15811	9603
15812	9603
15813	9603
15814	9603
15815	9603
15816	9603
15817	9603
15818	9603
15819	9603
15820	9603
15821	9603
15822	9603
15823	9603
15824	9603
15825	9603
15826	9603
15827	9603
15828	9603
15829	9603
15830	9603
15831	9603
15832	9607
15833	9603
15834	9613
15835	9613
15836	9613
15837	9613
15838	9613
15839	9613
15840	9613
15841	9613
15842	9603
15843	9607
15844	9607
15845	9603
15846	9603
15847	9603
15848	9603
15849	9603
15850	9603
15851	9613
15852	9603
15853	9603
15854	9603
15855	9603
15856	9603
15857	9624
15858	9624
15859	9624
15860	9603
15861	9624
15862	9624
15863	9624
15864	9613
15865	9607
15866	9603
15867	9606
15868	9606
15869	9606
15870	9603
15871	9603
15872	9603
15873	9603
15874	9603
15875	9603
15876	9606
15877	9607
15878	9603
15879	9603
15880	9603
15881	9603
15882	9603
15883	9603
15884	9603
15885	9603
15886	9603
15887	9607
15888	9607
15889	9607
15890	9607
15891	9607
15892	9607
15893	9607
15894	9603
15895	9615
15896	9603
15897	9603
15898	9606
15899	9606
15900	9606
15901	9603
15902	9603
15903	9603
15904	9603
15905	9645
15906	9645
15907	9615
15908	9603
15909	9603
15910	9603
15911	9607
15912	9603
15913	9603
15914	9807
15915	9807
15916	9807
15917	9807
15918	9603
15919	9606
15920	9606
15921	9603
15922	9656
15923	9603
15924	9603
15925	9603
15926	9607
15927	9607
15928	9607
15929	9607
15930	9603
15931	9603
15932	9615
15933	9615
15934	9607
15935	9606
15936	9603
15937	9603
15938	9606
15939	9655
15940	9615
15941	9615
15942	9615
15943	9655
15944	9615
15945	9655
15946	9655
15947	9615
15948	9615
15949	9615
15950	9645
15951	9645
15952	9603
15953	9603
15954	9615
15955	9615
15956	9633
15957	9606
15958	9615
15959	9615
15960	9615
15961	9615
15962	9615
15963	9606
15964	9603
15965	9603
15966	9603
15967	9603
15969	9607
15970	9607
15971	9603
15972	9603
15973	9603
15974	9603
15975	9603
15976	9603
15977	9603
15978	9607
15979	9607
15980	9607
16000	9824
16001	9807
16002	9807
16003	9807
16004	9807
16005	9807
16006	9807
16007	9807
16008	9807
16009	9807
16010	9807
16011	9807
16012	9807
16013	9807
16014	9807
16015	9807
16016	9807
16017	9807
16018	9807
16019	9807
16020	9807
16021	9807
16022	9807
16023	9807
16024	9807
16025	9807
16026	9807
16027	9807
16028	9807
16029	9807
16030	9807
16031	9807
16032	9807
16033	9807
16034	9807
16035	9807
16036	9807
16037	9807
16038	9807
16039	9807
16040	9807
16041	9807
16042	9807
16043	9807
16044	9807
16045	9807
16046	9807
16047	9807
16048	9807
16049	9807
16050	9807
16051	9807
16052	9807
16053	9807
16054	9807
16055	9807
16056	9807
16057	9807
16058	9807
16059	9807
16060	9807
16061	9810
16065	9807
16070	9807
16071	9807
16072	9807
16073	9807
16074	9807
16075	9807
16076	9807
16077	9807
16078	9807
16079	9807
16080	9807
16081	9807
16082	9807
16083	9807
16084	9807
16085	9807
16086	9807
16087	9807
16088	9807
16089	9807
16090	9807
16091	9807
16092	9807
16093	9807
16094	9807
16099	9807
16100	9824
16101	9807
16102	9807
16103	9807
16104	9807
16105	9807
16106	9807
16107	9807
16108	9807
16109	9807
16110	9807
16111	9807
16112	9807
16113	9807
16114	9807
16115	9807
16116	9807
16117	9807
16118	9807
16119	9807
16120	9807
16121	9807
16122	9807
16123	9807
16124	9807
16125	9807
16126	9807
16127	9807
16128	9807
16129	9807
16130	9807
16131	9807
16132	9807
16133	9807
16134	9807
16135	9807
16136	9807
16137	9807
16138	9807
16139	9807
16140	9807
16141	9807
16142	9807
16143	9807
16144	9807
16145	9807
16146	9807
16147	9807
16148	9807
16149	9807
16150	9807
16151	9807
16152	9807
16153	9807
16154	9807
16155	9807
16156	9807
16157	9807
16158	9807
16159	9807
16160	9807
16161	9810
16170	9807
16171	9807
16172	9807
16173	9807
16174	9807
16175	9807
16176	9807
16177	9807
16178	9807
16179	9807
16180	9807
16181	9807
16182	9807
16183	9807
16184	9807
16185	9807
16186	9807
16187	9807
16188	9807
16189	9807
16190	9807
16191	9807
16192	9807
16193	9807
16194	9807
16201	9807
16202	9807
16203	9807
16204	9807
16205	9807
16206	9807
16207	9807
16208	9807
16209	9807
16210	9807
16211	9807
16212	9807
16213	9807
16214	9807
16215	9807
16216	9807
16217	9807
16218	9807
16219	9807
16220	9807
16221	9807
16222	9807
16223	9807
16224	9807
16225	9807
16226	9807
16227	9807
16228	9807
16229	9807
16230	9807
16231	9807
16232	9807
16233	9807
16234	9807
16235	9807
16236	9807
16237	9807
16238	9807
16239	9807
16240	9807
16241	9807
16242	9807
16243	9807
16244	9807
16245	9807
16246	9807
16247	9807
16248	9807
16249	9807
16250	9807
16251	9807
16252	9807
16253	9807
16254	9807
16255	9807
16256	9807
16257	9807
16258	9807
16259	9807
16260	9807
16261	9807
16262	9807
16263	9807
16264	9807
16265	9807
16266	9807
16267	9807
16268	9807
16269	9807
16270	9807
16271	9807
16272	9807
16273	9807
16274	9807
16275	9807
16276	9807
16277	9807
16278	9807
16279	9807
16280	9807
16281	9807
16282	9807
16283	9807
16284	9807
16285	9807
16286	9807
16287	9807
16288	9807
16289	9807
16290	9807
16291	9807
16292	9807
16293	9807
16294	9807
16295	9807
16296	9807
16297	9807
16298	9807
16299	9807
16301	9807
16302	9807
16303	9807
16304	9807
16305	9807
16306	9807
16307	9807
16308	9807
16309	9807
16310	9807
16311	9807
16312	9807
16313	9807
16314	9807
16315	9807
16316	9807
16317	9807
16318	9807
16319	9807
16320	9807
16321	9807
16322	9807
16323	9807
16324	9807
16325	9807
16326	9807
16327	9807
16328	9807
16329	9807
16330	9807
16331	9807
16332	9807
16333	9807
16334	9807
16335	9807
16336	9807
16337	9807
16338	9807
16339	9807
16340	9807
16341	9807
16342	9807
16343	9807
16344	9807
16345	9807
16346	9807
16347	9807
16348	9807
16349	9807
16350	9807
16351	9807
16352	9807
16353	9807
16354	9807
16355	9807
16356	9807
16357	9807
16358	9807
16359	9807
16360	9807
16361	9807
16362	9807
16363	9807
16364	9807
16365	9807
16366	9807
16367	9807
16368	9807
16369	9807
16370	9807
16371	9807
16372	9807
16373	9807
16374	9807
16375	9807
16376	9807
16377	9807
16378	9807
16379	9807
16380	9807
16381	9807
16382	9807
16383	9807
16384	9807
16385	9807
16386	9807
16387	9807
16388	9807
16389	9807
16390	9807
16391	9807
16392	9807
16393	9807
16394	9807
16395	9807
16396	9807
16397	9807
16398	9807
16399	9807
16400	9807
16405	9807
16406	9807
16411	9807
16412	9807
16413	9807
16430	9807
16490	9807
16506	9807
16586	9807
16611	9807
16612	9807
16636	9807
16709	9807
16716	9807
16732	9807
17001	9807
17005	9807
17054	9807
17204	9802
17205	9802
17206	9802
17207	9802
17208	9802
17209	9802
17210	9802
17211	9802
17212	9802
17213	9802
17214	9802
17215	9802
17216	9802
17217	9802
17218	9802
17219	9802
17220	9802
17221	9802
17222	9802
17223	9802
17224	9802
17225	9802
17226	9802
17227	9802
17228	9802
17229	9802
17230	9802
17231	9802
17232	9802
17233	9802
17234	9802
17235	9802
17236	9802
17237	9802
17238	9802
17239	9802
17240	9802
17241	9802
17242	9802
17243	9802
17244	9802
17245	9802
17246	9802
17247	9802
17248	9802
17249	9802
17250	9802
17251	9802
17252	9802
17253	9802
17254	9802
17255	9802
17256	9802
17257	9802
17258	9802
17259	9802
17260	9802
17261	9802
17262	9802
17263	9802
17264	9802
17265	9802
17266	9802
17267	9802
17268	9802
17269	9802
17270	9802
17271	9802
17272	9802
17273	9802
17274	9802
17275	9829
17276	9829
17277	9829
17278	9829
17279	9829
17280	9829
17281	9829
17282	9829
17283	9829
17284	9829
17285	9829
17286	9829
17287	9829
17288	9829
17289	9829
17290	9829
17291	9829
17292	9829
17293	9829
17294	9802
17295	9820
17296	9820
17297	9820
17298	9820
17299	9820
17300	9820
17321	9807
17322	9807
17323	9807
17324	9807
17325	9807
17326	9807
17327	9807
17328	9807
17329	9807
17330	9807
17331	9807
17332	9807
17333	9807
17334	9807
17335	9807
17336	9807
17337	9807
17338	9807
17348	9807
17349	9807
17350	9807
17351	9807
17352	9807
17353	9807
17354	9807
17355	9807
17356	9807
17357	9807
17358	9807
17359	9802
17360	9802
17361	9802
17362	9802
17363	9807
17364	9802
17365	9822
17401	9802
17402	9807
17412	9807
17414	9807
17416	9807
17418	9807
17420	9807
17422	9807
17424	9807
17426	9807
17428	9807
17430	9807
17432	9807
17433	9807
17434	9807
17435	9807
17436	9807
17437	9807
17438	9807
17439	9807
17440	9807
17441	9807
17442	9807
17443	9807
17444	9807
17445	9807
17446	9807
17447	9807
17448	9807
17449	9807
17450	9807
17451	9807
17452	9807
17453	9807
17454	9807
17455	9807
17456	9807
17457	9807
17458	9807
17515	9808
17517	9808
17519	9808
17521	9808
17523	9808
17525	9808
17527	9808
17529	9808
17531	9808
17533	9808
17611	9808
17613	9808
17615	9808
17617	9808
17619	9808
17621	9808
17623	9808
17625	9808
17700	9807
17701	9807
17702	9807
17703	9807
17704	9807
17705	9807
17706	9807
17707	9807
17708	9807
17709	9807
17710	9807
17711	9807
17712	9807
17713	9807
17714	9807
17715	9807
17716	9807
17717	9807
17722	9807
17723	9807
17724	9807
17725	9807
17726	9807
17794	9807
17795	9807
17801	9807
17802	9807
17803	9807
17804	9807
17805	9807
17806	9807
17807	9807
17808	9807
17809	9807
17810	9807
17811	9807
17812	9807
17813	9807
17814	9807
17815	9807
17816	9807
17817	9807
17818	9807
17819	9807
17901	9807
17902	9807
17903	9807
17904	9807
17905	9807
17906	9807
17907	9807
17908	9807
17909	9807
17910	9807
17911	9807
17912	9807
17913	9807
17914	9807
17915	9807
17916	9807
17917	9807
17918	9807
17919	9807
17920	9807
17921	9807
17922	9807
17923	9807
17924	9807
17925	9807
17926	9807
17927	9807
17928	9807
17931	9807
17932	9807
17933	9807
17934	9807
17935	9807
17936	9807
17937	9807
17938	9807
17939	9807
17940	9807
17941	9807
17942	9807
17943	9807
17944	9807
17945	9807
17946	9807
17947	9807
17948	9807
17949	9807
17950	9807
17951	9807
17952	9807
17953	9807
17954	9807
17955	9807
17956	9807
17957	9807
17958	9807
17959	9807
17960	9807
17961	9807
17962	9807
17963	9807
17965	9807
18001	9807
18002	9807
18003	9807
18004	9807
18005	9807
18006	9807
18007	9807
18008	9807
18009	9807
18011	9801
18012	9801
18021	9801
18022	9801
18031	9807
18032	9807
18033	9807
18034	9807
18035	9807
18036	9807
18037	9807
18041	9807
18042	9807
18043	9807
18044	9807
18045	9807
18046	9807
18047	9807
18048	9807
18049	9807
18051	9807
18052	9807
18053	9807
18054	9807
18055	9807
18056	9807
18057	9807
18058	9807
18059	9807
18061	9801
18062	9801
18063	9802
18064	9802
18071	9807
18072	9807
18073	9807
18074	9807
18081	9801
18082	9801
18083	9801
18084	9801
18085	9802
18086	9801
18091	9801
18092	9801
18093	9801
18094	9801
18101	9802
18102	9802
18103	9802
18104	9802
18105	9802
18106	9802
18107	9802
18108	9802
18109	9802
18110	9801
18111	9801
18112	9801
18113	9801
18114	9801
18115	9801
18116	9801
18117	9801
18121	9807
18122	9807
18131	9801
18132	9801
18133	9801
18134	9801
18135	9801
18141	9807
18142	9807
18151	9807
18152	9807
18153	9807
18161	9807
18162	9807
18163	9807
18171	9807
18172	9807
18173	9807
18174	9807
18175	9807
18180	9807
18181	9801
18182	9801
18183	9807
18184	9807
18185	9807
18186	9807
18187	9807
18188	9807
18189	9807
18190	9807
18191	9807
18192	9807
18193	9807
18194	9807
18195	9807
18196	9807
18197	9807
18198	9807
18199	9807
18201	9806
18202	9807
18203	9806
18204	9807
18205	9807
18211	9801
18212	9801
18221	9807
18222	9807
18223	9807
18224	9807
18225	9807
18226	9807
18227	9807
18228	9807
18231	9801
18232	9801
18233	9801
18234	9801
18235	9801
18236	9801
18237	9801
18238	9801
18240	9807
18241	9807
18242	9807
18243	9807
18244	9807
18245	9807
18246	9807
18247	9807
18248	9807
18251	9807
18252	9807
18253	9807
18260	9801
18261	9801
18262	9801
18263	9801
18275	9807
18276	9807
18277	9807
18278	9807
18280	9809
18281	9809
18282	9809
18283	9809
18284	9809
18285	9807
18286	9809
18300	9807
18305	9807
18306	9807
18307	9807
18308	9807
18310	9807
18311	9807
18312	9807
18313	9807
18314	9807
18315	9807
18316	9807
18317	9807
18318	9807
18319	9807
18401	9807
18402	9807
18403	9807
18411	9807
18412	9807
18413	9807
18414	9807
18415	9807
18416	9807
18417	9807
18421	9826
18422	9826
18423	9826
18424	9826
18425	9826
18426	9826
18427	9826
18428	9826
18432	9826
18433	9826
18434	9826
18435	9826
18436	9826
18437	9826
18441	9807
18442	9807
18443	9807
18444	9807
18446	9807
18447	9807
18448	9807
18450	9807
18451	9807
18452	9807
19844	9802
19845	9807
19846	9842
19847	9841
19848	9807
19849	9807
19850	9838
19851	9807
19852	9802
19853	9807
19854	9802
19855	9804
19856	9807
19857	9802
19858	9822
19859	9807
19860	9801
19861	9813
19862	9802
19863	9802
19864	9807
19865	9829
19866	9829
19867	9821
19868	9821
19869	9834
19870	9826
19871	9812
19872	9812
19873	9802
19874	9802
19875	9802
19876	9807
19877	9826
19878	9833
19879	9806
19880	9807
19881	9807
19882	9807
19883	9804
19884	9805
19885	9806
19886	9806
19887	9806
19888	9806
19889	9806
19890	9806
19891	9806
19892	9806
19893	9806
19894	9812
19895	9812
19896	9806
19897	9802
19898	9804
19899	9801
19900	9807
19901	9802
19902	9803
19903	9801
19904	9807
19905	9804
19906	9801
19907	9807
19908	9807
19909	9801
19910	9801
19911	9815
19913	9809
19914	9809
19915	9801
19916	9807
19917	9811
19919	9807
19920	9806
19921	9801
19922	9815
19923	9815
19924	9806
19925	9806
19926	9809
19927	9809
19928	9807
19929	9807
19930	9807
19931	9815
19933	9809
19934	9807
19935	9812
19936	9807
19937	9816
19938	9802
19939	9807
19940	9817
19941	9818
19942	9807
19943	9807
19944	9802
19945	9809
19946	9809
19947	9802
19948	9801
19949	9809
19950	9815
19951	9815
19952	9819
19953	9806
19954	9807
19955	9807
19956	9815
19957	9815
19958	9815
19959	9807
19960	9809
19961	9802
19962	9807
19963	9807
19964	9807
19965	9821
19966	9807
19967	9807
19968	9823
19969	9807
19971	9807
19972	9807
19973	9807
19974	9807
19975	9806
19976	9802
19977	9802
19978	9807
19979	9828
19981	9802
19982	9807
19983	9830
19984	9822
19985	9802
19986	9820
19987	9826
19988	9826
19989	9802
19990	9807
19991	9807
19992	9829
19993	9829
19994	9802
19995	9807
19996	9806
19997	9807
19998	9807
19999	9807
