7001	Airy 1830	6377563.396	299.3249646		0
7002	Airy Modified 1849	6377340.189	299.3249646		0
7003	Australian National Spheroid	6378160	298.25		0
7004	Bessel 1841	6377397.155	299.1528128		0
7005	Bessel Modified	6377492.018	299.1528128		0
7006	Bessel Namibia	6377483.865	299.1528128		1
7007	Clarke 1858	20926348		20855233	0
7008	Clarke 1866	6378206.4		6356583.8	0
7009	Clarke 1866 Michigan	20926631.531		20855688.674	0
7010	Clarke 1880 (Benoit)	6378300.789		6356566.435	0
7011	Clarke 1880 (IGN)	6378249.2		6356515	0
7012	Clarke 1880 (RGS)	6378249.145	293.465		0
7013	Clarke 1880 (Arc)	6378249.145	293.4663077		0
7014	Clarke 1880 (SGA 1922)	6378249.2	293.46598		0
7015	Everest 1830 (1937 Adjustment)	6377276.345	300.8017		0
7016	Everest 1830 (1967 Definition)	6377298.556	300.8017		0
7018	Everest 1830 Modified	6377304.063	300.8017		0
7019	GRS 1980	6378137	298.257222101		0
7020	Helmert 1906	6378200	298.3		0
7021	Indonesian National Spheroid	6378160	298.247		0
7022	International 1924	6378388	297		0
7024	Krassowsky 1940	6378245	298.3		0
7025	NWL 9D	6378145	298.25		0
7027	Plessis 1817	6376523	308.64		0
7028	Struve 1860	6378298.3	294.73		0
7029	War Office	6378300	296		0
7030	WGS 84	6378137	298.257223563		0
7031	GEM 10C	6378137	298.257223563		0
7032	OSU86F	6378136.2	298.257223563		0
7033	OSU91A	6378136.3	298.257223563		0
7034	Clarke 1880	20926202		20854895	0
7035	Sphere	6371000		6371000	1
7036	GRS 1967	6378160	298.247167427		0
7041	Average Terrestrial System 1977	6378135	298.257		0
7042	Everest (1830 Definition)	20922931.8		20853374.58	0
7043	WGS 72	6378135	298.26		0
7044	Everest 1830 (1962 Definition)	6377301.243	300.8017255		0
7045	Everest 1830 (1975 Definition)	6377299.151	300.8017255		0
7046	Bessel Namibia (GLM)	6377397.155	299.1528128		0
7047	GRS 1980 Authalic Sphere	6370997		6370997	1
7048	GRS 1980 Authalic Sphere	6371007		6371007	0
7049	Xian 1980	6378140	298.257		0
7050	GRS 1967 (SAD69)	6378160	298.25		0
7051	Danish 1876	6377019.27	300		0
7052	Clarke 1866 Authalic Sphere	6370997		6370997	0
7053	Hough 1960	6378270	297		0
7054	PZ-90	6378136	298.257839303		0
7055	Clarke 1880 (international foot)	20926202		20854895	0
7056	Everest 1830 (RSO 1969)	6377295.664	300.8017		0
7057	International 1924 Authalic Sphere	6371228		6371228	0
7058	Hughes 1980	6378273		6356889.449	0
7059	Popular Visualisation Sphere	6378137		6378137	0
